ALF=1564069469
SUB=_2A25wFjENDeRhGeVM7VYZ9SfJwzuIHXVT-V9FrDV8PUJbkNAKLRD1kW1NTPrCAGTYHesbiDUFJ7n31LmaaQgWBNxu
SUBP=0033WrSXqPxfM725Ws9jqgMF55529P9D9WF4Nzr5EBRaFEJ9ybQXnj1U5JpX5oz75NHD95Q0eoqX1h-4SKnNWs4DqcjHBgfbIPxDdcRLxKBLBonLBo9zdcp.
UOR=widget.weibo.com
SINAGLOBAL=3088351585466.6177.1561595808897
Apache=6075316193449.522.1561873854004
ULV=1561873854017:3:3:1:6075316193449.522.1561873854004:1561692890091
S_ACCOUNT-G0=8bd737c12f321cf9d9f95301c2782451